     1.05587    -0.627676    0.0707358      1.66293    0.0316648     0.474468
     1.02912    -0.668516     0.055733      1.67365    0.0293303     0.479323
     1.07048    -0.650626   0.00745555      1.67784    0.0182416     0.452717
     1.01208    -0.587126    -0.015785      1.67519  -0.00194538     0.430803
     1.00713    -0.586846  -0.00192139      1.67913    -0.011771     0.429387
     1.00512     -0.56574   -0.0329085      1.67771   -0.0104645     0.433298
     1.06589    -0.544579   -0.0100955      1.66443   0.00334951     0.444052
     1.12077    -0.580507  -0.00122691      1.66234    0.0238573     0.462902
    0.550312    -0.179692    -0.182496      1.63362    -0.118763     0.258568
    0.518671    -0.191156    -0.141693      1.63204    -0.112156     0.255947
    0.553893     -0.15823    -0.127075      1.61523   -0.0987271     0.237288
    0.543553    -0.163403   -0.0818909      1.61754   -0.0824926     0.240904
    0.538511    -0.155434   -0.0378702      1.60806   -0.0728191     0.226178
    0.547611    -0.100833   -0.0218079      1.58679   -0.0607225     0.224941
    0.569944   -0.0943192   -0.0101603      1.59114   -0.0500075      0.21539
    0.546458    -0.110032    0.0400905      1.58229   -0.0461477     0.216937
    0.121517     0.102701    -0.195241      1.58498    -0.183594    0.0814516
    0.119399     0.137936    -0.224279      1.58942     -0.19623    0.0889454
    0.142199     0.129256     -0.24595      1.58799    -0.195939    0.0745397
    0.147518     0.119977    -0.242829      1.59252    -0.198986    0.0777935
     0.14522      0.12514    -0.183644      1.59385    -0.199557     0.104018
    0.151961    0.0969912     -0.19933      1.59231    -0.191803      0.10919
    0.193352     0.117994    -0.193988      1.58779     -0.17113    0.0930262
    0.174809     0.119816    -0.184103      1.57375    -0.157643    0.0793195
 -0.00950115     0.238971    -0.224733      1.57306    -0.210511    0.0362302
  -0.0459778     0.191176    -0.183071      1.57427    -0.220156    0.0451358
  -0.0383679     0.194444     -0.20953      1.58291    -0.219111    0.0507985
  -0.0781119     0.187096    -0.235363      1.57472    -0.222561    0.0270078
  -0.0869008     0.240997    -0.248752      1.57033    -0.224034     0.029484
  -0.0402346     0.187805    -0.246462      1.57871    -0.216532    0.0320657
 -0.00681283     0.254017     -0.26732      1.55848    -0.196895    0.0209043
  -0.0272737     0.219145    -0.199096      1.57653    -0.200576    0.0545705
  -0.0496515     0.205804    -0.226145      1.56223    -0.216662    0.0366401
  -0.0333394     0.216186    -0.232842      1.56065    -0.209631     0.048992
  -0.0453168     0.211577    -0.246251      1.56226    -0.208766    0.0442249
  -0.0268129     0.183923    -0.221689      1.57252    -0.198892    0.0472999
    0.003018     0.190883    -0.240404       1.5687    -0.193037    0.0414212
   0.0278183     0.199798     -0.23816       1.5648    -0.181729     0.049638
   0.0184699     0.177664    -0.182892      1.56289    -0.184464    0.0459875
   0.0177351     0.198122    -0.197125      1.55612    -0.179905    0.0469895
   0.0309189     0.299338    -0.532111      1.41765    -0.214863    0.0377886
   0.0028648     0.260043    -0.554344      1.41538    -0.209554    0.0272294
   0.0193366     0.275304    -0.595191      1.41158    -0.214259    0.0235015
    0.019309     0.275132    -0.594857      1.41078    -0.214128    0.0234884
   0.0465629     0.286449    -0.591577      1.40529    -0.204768    0.0224507
   0.0462843     0.267318    -0.585579      1.39949    -0.204541    0.0345725
   0.0154017     0.263267    -0.668601      1.40297    -0.217364    0.0194426
-0.000545561     0.265257    -0.623824      1.39188    -0.233404     0.038909
    0.202269     0.601967     -2.31939     0.779491    -0.409437    0.0600155
    0.195279     0.611764     -2.29171     0.786957     -0.40269    0.0748928
    0.196705      0.60089     -2.28475     0.795728    -0.390543    0.0624685
    0.208095     0.578071     -2.24333     0.805106    -0.375616     0.055016
    0.236404     0.572525     -2.19887     0.793769    -0.358233    0.0605824
    0.267804     0.553629     -2.21709     0.790329    -0.356761    0.0674245
    0.261338     0.560939     -2.23419     0.780066    -0.362028    0.0616703
    0.301197     0.562892     -2.34941     0.775444    -0.368933     0.083501
    0.517205    0.0667924     -3.08539     0.704726    -0.413121      0.22266
    0.546489    0.0611606     -3.08592     0.712462    -0.412841     0.226113
    0.540002     0.141592     -3.00651     0.695647    -0.384322     0.211519
    0.612192     0.215291     -2.86526     0.666128    -0.348637     0.197513
    0.668145     0.356134     -2.72486     0.659833    -0.292914      0.16817
    0.733021     0.418756     -2.58741     0.634614    -0.258539     0.169662
    0.774505      0.44376     -2.54672      0.64975    -0.243661     0.166148
    0.767227     0.388653     -2.54647      0.64328    -0.230487     0.167611
     1.92863     0.361357     -4.50606     0.328544    -0.180974     0.117346
     1.93214     0.369275      -4.5835     0.301328    -0.171449     0.108252
     1.95882     0.366905     -4.61056     0.302844    -0.175807     0.084888
      1.9108     0.411731     -4.47958     0.300877    -0.165699     0.071755
     1.82502     0.452106     -4.37562     0.332333    -0.186863    0.0762997
     1.76949     0.469816     -4.19425     0.349029    -0.194723    0.0994362
     1.74019     0.493663     -3.86182     0.409793    -0.143784    0.0865764
     1.73924     0.493486      -3.8597      0.40964    -0.143715    0.0865287
    0.794589     -0.32983     -3.25091      1.00218    -0.401528     0.215673
     0.75634    -0.404881     -3.26675      1.02421    -0.396841     0.234109
    0.687694    -0.453919     -3.23669      1.05243    -0.422457     0.218333
    0.577515    -0.509075     -3.13582      1.06108    -0.457642      0.22252
    0.435515    -0.436612     -2.98065      1.10387    -0.485574     0.249216
    0.416414    -0.431077     -2.82988      1.11042    -0.482719     0.240549
    0.433596    -0.339603     -2.68987      1.11412    -0.478784     0.237141
    0.501236     -0.21624     -2.57359      1.12738    -0.423679     0.220104
