1
0.999447
0.998895
0.998343
0.997791
0.997239
0.996688
0.996137
0.995586
0.995036
0.994486
0.993936
0.993387
0.992838
0.992289
0.99174
0.991192
0.990644
0.990097
0.989549
0.989002
0.988456
0.987909
0.987363
0.986817
0.986272
0.985727
0.985182
0.984637
0.984093
0.983549
0.983005
0.982462
0.981919
0.981376
0.980833
0.980291
0.979749
0.979208
0.978667
0.978126
0.977585
0.977044
0.976504
0.975965
0.975425
0.974886
0.974347
0.973808
0.97327
0.972732
0.972194
0.971657
0.97112
0.970583
0.970047
0.96951
0.968974
0.968439
0.967903
0.967368
0.966834
0.966299
0.965765
0.965231
0.964698
0.964164
0.963631
0.963099
0.962566
0.962034
0.961502
0.960971
0.96044
0.959909
0.959378
0.958848
0.958318
0.957788
0.957259
